10
367
10 1 2 3 4 5 6 7 8 9 10 
10 1 2 3 4 5 6 7 -8 9 -10 
10 1 2 3 4 5 6 -7 -8 9 -10 
10 1 2 3 4 5 -6 7 8 9 10 
10 1 2 3 4 5 -6 -7 -8 9 -10 
10 1 -2 3 4 5 6 7 8 9 10 
10 1 -2 3 4 5 6 -7 -8 9 -10 
10 1 -2 3 4 5 -6 7 8 9 10 
10 1 -2 3 4 5 -6 -7 -8 9 -10 
9 1 2 3 4 -5 6 7 9 -10 
8 1 2 3 4 -5 -6 7 9 
10 1 2 3 4 -5 -6 -7 -8 9 -10 
10 1 2 3 4 -5 -6 -7 -8 9 -10 
10 1 -2 3 4 -5 -6 7 -8 9 -10 
10 1 -2 3 4 -5 -6 7 -8 9 -10 
10 1 -2 3 4 -5 -6 -7 -8 9 -10 
10 1 -2 3 4 -5 -6 -7 -8 9 -10 
10 1 2 3 4 -5 6 7 8 -9 -10 
10 1 2 3 4 -5 6 -7 8 -9 -10 
10 1 2 3 4 5 6 -7 -8 -9 -10 
10 1 2 3 4 5 6 -7 -8 -9 -10 
10 1 2 3 4 -5 6 -7 -8 -9 -10 
10 1 2 3 4 -5 6 -7 -8 -9 -10 
10 1 2 3 4 -5 -6 7 -8 -9 -10 
10 1 2 3 4 -5 -6 7 -8 -9 -10 
10 1 2 3 4 -5 -6 -7 -8 -9 -10 
10 1 2 3 4 -5 -6 -7 -8 -9 -10 
10 1 -2 3 4 -5 6 7 -8 -9 -10 
10 1 -2 3 4 -5 6 7 -8 -9 -10 
10 1 -2 3 4 -5 6 -7 -8 -9 -10 
10 1 -2 3 4 -5 6 -7 -8 -9 -10 
10 1 -2 3 4 -5 -6 7 -8 -9 -10 
10 1 -2 3 4 -5 -6 7 -8 -9 -10 
10 1 -2 3 4 -5 -6 -7 -8 -9 -10 
10 1 -2 3 4 -5 -6 -7 -8 -9 -10 
10 1 2 3 -4 5 -6 7 8 -9 -10 
10 1 2 3 -4 5 -6 7 8 -9 -10 
9 1 2 3 -4 -5 7 8 9 -10 
8 1 2 3 -4 -5 7 8 -9 
10 1 2 3 -4 5 -6 7 -8 -9 -10 
10 1 2 3 -4 5 -6 7 -8 -9 -10 
9 1 2 3 -4 -5 6 7 -8 -10 
8 1 2 3 -4 -5 -6 7 -8 
10 1 2 3 -4 5 -6 -7 8 -9 -10 
10 1 2 3 -4 5 -6 -7 8 -9 -10 
9 1 2 3 -4 -5 6 -7 8 -10 
8 1 2 3 -4 -5 -6 -7 8 
10 1 2 3 -4 5 -6 -7 -8 -9 -10 
10 1 2 3 -4 5 -6 -7 -8 -9 -10 
9 1 2 3 -4 -5 6 -7 -8 -10 
8 1 2 3 -4 -5 -6 -7 -8 
10 1 -2 3 -4 5 -6 7 -8 -9 -10 
10 1 -2 3 -4 5 -6 7 -8 -9 -10 
10 1 -2 3 -4 5 -6 7 -8 -9 -10 
10 1 -2 3 -4 5 -6 -7 8 -9 -10 
10 1 -2 3 -4 5 -6 -7 8 -9 -10 
10 1 -2 3 -4 5 -6 -7 -8 -9 -10 
10 1 -2 3 -4 5 -6 -7 -8 -9 -10 
10 1 -2 3 -4 -5 -6 7 -8 9 10 
8 1 -2 3 -4 -5 7 9 -10 
7 1 -2 3 -4 -5 7 -9 
9 1 -2 3 -4 -5 6 -7 8 -10 
8 1 -2 3 -4 -5 -6 -7 8 
9 1 -2 3 -4 -5 6 -7 -8 -10 
8 1 -2 3 -4 -5 -6 -7 -8 
10 1 2 -3 4 -5 6 7 8 9 10 
10 1 2 -3 4 -5 6 7 8 -9 10 
10 1 2 -3 4 -5 6 -7 8 -9 10 
10 1 2 -3 4 -5 6 -7 8 -9 10 
10 1 2 -3 4 -5 -6 7 8 9 10 
10 1 2 -3 4 -5 -6 7 8 -9 10 
10 1 2 -3 4 -5 -6 -7 8 -9 10 
10 1 2 -3 4 -5 -6 -7 8 -9 10 
10 1 2 -3 -4 5 -6 7 8 -9 10 
10 1 2 -3 -4 5 -6 -7 8 -9 10 
10 1 2 -3 -4 -5 -6 7 8 -9 10 
10 1 2 -3 -4 -5 -6 -7 8 -9 10 
10 1 -2 -3 4 -5 6 7 8 9 10 
10 1 -2 -3 4 -5 6 7 8 -9 10 
10 1 -2 -3 4 -5 6 -7 8 -9 10 
10 1 -2 -3 4 -5 6 -7 8 -9 10 
10 1 -2 -3 4 -5 -6 7 8 9 10 
10 1 -2 -3 4 -5 -6 7 8 -9 10 
10 1 -2 -3 4 -5 -6 -7 8 -9 10 
10 1 -2 -3 4 -5 -6 -7 8 -9 10 
10 1 -2 -3 -4 5 -6 7 8 -9 10 
10 1 -2 -3 -4 5 -6 -7 8 -9 10 
10 1 -2 -3 -4 -5 -6 7 8 -9 10 
10 1 -2 -3 -4 -5 -6 -7 8 -9 10 
10 1 2 -3 4 5 6 -7 8 -9 -10 
10 1 2 -3 4 -5 6 -7 8 -9 -10 
10 1 2 -3 4 -5 6 -7 8 -9 -10 
10 1 2 -3 -4 5 6 -7 8 -9 -10 
10 1 2 -3 -4 5 6 -7 8 -9 -10 
10 1 2 -3 -4 -5 6 -7 8 -9 -10 
10 1 2 -3 -4 -5 6 -7 8 -9 -10 
10 1 -2 -3 -4 -5 6 7 8 9 -10 
10 1 -2 -3 -4 -5 6 7 8 9 -10 
10 1 -2 -3 -4 -5 6 7 8 -9 -10 
10 1 -2 -3 -4 -5 6 7 8 -9 -10 
10 1 -2 -3 -4 -5 6 -7 8 -9 -10 
10 1 -2 -3 -4 -5 6 -7 8 -9 -10 
10 1 -2 -3 -4 -5 6 -7 8 -9 -10 
10 1 2 -3 4 5 -6 -7 8 -9 -10 
10 1 2 -3 4 -5 -6 -7 8 -9 -10 
10 1 2 -3 4 -5 -6 -7 8 -9 -10 
10 1 2 -3 -4 5 -6 -7 8 -9 -10 
10 1 2 -3 -4 5 -6 -7 8 -9 -10 
10 1 2 -3 -4 -5 -6 -7 8 -9 -10 
10 1 2 -3 -4 -5 -6 -7 8 -9 -10 
10 1 -2 -3 -4 -5 -6 7 8 9 -10 
10 1 -2 -3 -4 -5 -6 7 8 9 -10 
10 1 -2 -3 -4 -5 -6 7 8 -9 -10 
10 1 -2 -3 -4 -5 -6 7 8 -9 -10 
10 1 -2 -3 -4 -5 -6 -7 8 -9 -10 
10 1 -2 -3 -4 -5 -6 -7 8 -9 -10 
10 1 -2 -3 -4 -5 -6 -7 8 -9 -10 
10 1 2 -3 4 5 6 -7 -8 9 10 
10 1 2 -3 4 5 -6 -7 -8 9 10 
10 1 2 -3 4 -5 -6 -7 -8 9 10 
10 1 2 -3 4 -5 -6 -7 -8 9 10 
10 1 -2 -3 4 -5 6 -7 -8 9 10 
10 1 -2 -3 4 -5 6 -7 -8 9 10 
10 1 -2 -3 4 -5 -6 -7 -8 9 10 
10 1 -2 -3 4 -5 -6 -7 -8 9 10 
10 1 2 -3 -4 5 -6 7 -8 9 10 
10 1 2 -3 -4 5 -6 -7 -8 9 10 
10 1 -2 -3 -4 5 -6 -7 -8 9 10 
10 1 -2 -3 -4 5 6 7 -8 9 10 
10 1 2 -3 -4 -5 -6 7 -8 9 10 
10 1 2 -3 -4 -5 -6 -7 -8 9 10 
10 1 -2 -3 -4 -5 -6 -7 -8 9 10 
10 1 -2 -3 -4 -5 6 7 -8 9 10 
10 1 2 -3 4 5 6 -7 -8 -9 10 
10 1 2 -3 4 5 -6 -7 -8 -9 10 
10 1 2 -3 4 -5 -6 -7 -8 -9 10 
10 1 2 -3 4 -5 -6 -7 -8 -9 10 
10 1 -2 -3 4 -5 6 -7 -8 -9 10 
10 1 -2 -3 4 -5 6 -7 -8 -9 10 
10 1 -2 -3 4 -5 -6 -7 -8 -9 10 
10 1 -2 -3 4 -5 -6 -7 -8 -9 10 
10 1 2 -3 -4 5 -6 7 -8 -9 10 
10 1 2 -3 -4 5 -6 -7 -8 -9 10 
10 1 -2 -3 -4 5 -6 -7 -8 -9 10 
10 1 -2 -3 -4 5 6 7 -8 -9 10 
10 1 2 -3 -4 -5 -6 7 -8 -9 10 
10 1 2 -3 -4 -5 -6 -7 -8 -9 10 
10 1 -2 -3 -4 -5 -6 -7 -8 -9 10 
10 1 -2 -3 -4 -5 6 7 -8 -9 10 
10 1 2 -3 4 5 6 -7 -8 9 -10 
10 1 2 -3 4 5 6 -7 -8 -9 -10 
10 1 2 -3 4 -5 6 -7 -8 -9 -10 
10 1 2 -3 4 -5 6 -7 -8 -9 -10 
10 1 2 -3 -4 5 6 -7 -8 -9 -10 
10 1 2 -3 -4 5 6 -7 -8 -9 -10 
10 1 2 -3 -4 -5 6 -7 -8 -9 -10 
10 1 2 -3 -4 -5 6 -7 -8 -9 -10 
10 1 -2 -3 -4 -5 6 -7 -8 9 -10 
10 1 -2 -3 -4 -5 6 -7 -8 9 -10 
10 1 -2 -3 -4 -5 6 -7 -8 9 -10 
10 1 -2 -3 -4 -5 6 -7 -8 -9 -10 
10 1 -2 -3 -4 -5 6 -7 -8 -9 -10 
10 1 -2 -3 -4 -5 6 -7 -8 -9 -10 
10 1 2 -3 4 5 -6 -7 -8 9 -10 
10 1 2 -3 4 5 -6 -7 -8 -9 -10 
10 1 2 -3 4 -5 -6 -7 -8 -9 -10 
10 1 2 -3 4 -5 -6 -7 -8 -9 -10 
10 1 2 -3 -4 5 -6 -7 -8 -9 -10 
10 1 2 -3 -4 5 -6 -7 -8 -9 -10 
10 1 2 -3 -4 -5 -6 -7 -8 -9 -10 
10 1 2 -3 -4 -5 -6 -7 -8 -9 -10 
10 1 -2 -3 -4 -5 -6 -7 -8 9 -10 
10 1 -2 -3 -4 -5 -6 -7 -8 9 -10 
10 1 -2 -3 -4 -5 -6 -7 -8 9 -10 
10 1 -2 -3 -4 -5 -6 -7 -8 -9 -10 
10 1 -2 -3 -4 -5 -6 -7 -8 -9 -10 
10 1 -2 -3 -4 -5 -6 -7 -8 -9 -10 
9 -1 2 3 4 5 6 7 8 9 
8 -1 -2 3 4 5 6 7 9 
10 -1 2 3 4 5 6 -7 -8 9 -10 
10 -1 -2 3 4 5 6 -7 -8 9 -10 
10 -1 2 3 -4 5 6 -7 8 9 -10 
10 -1 2 3 -4 5 6 -7 8 9 -10 
10 -1 2 3 -4 5 6 -7 -8 9 -10 
10 -1 2 3 -4 5 6 -7 -8 9 -10 
10 -1 -2 3 -4 5 6 -7 -8 9 -10 
10 -1 -2 3 -4 5 6 -7 -8 9 -10 
10 -1 -2 3 -4 5 6 -7 -8 9 -10 
10 -1 2 3 -4 5 6 7 8 -9 -10 
10 -1 2 3 -4 5 6 -7 8 -9 -10 
10 -1 -2 3 -4 5 6 7 8 -9 -10 
10 -1 -2 3 -4 5 6 -7 8 -9 -10 
9 -1 2 3 4 5 6 -7 -8 -9 
8 -1 -2 3 4 5 6 -8 -9 
10 -1 -2 3 -4 5 6 -7 -8 -9 -10 
10 -1 -2 3 -4 5 6 -7 -8 -9 -10 
10 -1 -2 3 -4 5 6 -7 -8 -9 -10 
10 -1 2 3 4 5 -6 7 8 9 10 
10 -1 2 3 4 5 -6 -7 -8 9 -10 
10 -1 2 3 -4 5 -6 -7 -8 9 -10 
10 -1 2 3 -4 5 -6 -7 -8 9 -10 
10 -1 2 3 -4 5 -6 -7 -8 9 -10 
10 -1 -2 3 4 5 -6 7 8 9 10 
10 -1 -2 3 4 5 -6 -7 -8 9 -10 
10 -1 -2 3 -4 5 -6 -7 -8 9 -10 
10 -1 -2 3 -4 5 -6 -7 -8 9 -10 
10 -1 -2 3 -4 5 -6 -7 -8 9 -10 
10 -1 2 3 -4 5 -6 7 8 -9 -10 
10 -1 2 3 -4 5 -6 7 -8 -9 -10 
10 -1 2 3 -4 5 -6 -7 -8 -9 -10 
10 -1 2 3 -4 5 -6 -7 -8 -9 -10 
10 -1 -2 3 -4 5 -6 7 -8 -9 -10 
10 -1 -2 3 -4 5 -6 7 -8 -9 -10 
10 -1 -2 3 -4 5 -6 -7 -8 -9 -10 
10 -1 -2 3 -4 5 -6 -7 -8 -9 -10 
10 -1 2 3 4 -5 6 7 8 9 -10 
10 -1 2 3 4 -5 6 -7 -8 9 -10 
10 -1 2 3 4 -5 -6 -7 -8 9 -10 
10 -1 2 3 4 -5 -6 7 8 9 10 
10 -1 -2 3 4 -5 -6 7 -8 9 -10 
10 -1 -2 3 4 -5 -6 7 -8 9 -10 
10 -1 -2 3 4 -5 -6 -7 -8 9 -10 
10 -1 -2 3 4 -5 -6 -7 -8 9 -10 
9 -1 2 3 4 -5 6 7 8 -9 
8 -1 2 3 4 -5 6 -7 -9 
7 -1 -2 3 4 -5 6 -9 
10 -1 -2 3 4 -5 -6 -7 -8 -9 -10 
10 -1 -2 3 4 -5 -6 -7 -8 -9 -10 
10 -1 2 3 4 -5 -6 7 8 -9 10 
9 -1 2 3 -4 -5 7 8 9 -10 
8 -1 2 3 -4 -5 7 8 -9 
10 -1 2 3 -4 -5 -6 -7 8 -9 -10 
10 -1 2 3 -4 -5 -6 -7 8 -9 -10 
10 -1 2 3 -4 -5 -6 -7 8 -9 -10 
9 -1 2 3 -4 -5 6 7 -8 -10 
8 -1 2 3 -4 -5 -6 7 -8 
10 -1 2 3 -4 -5 -6 -7 -8 -9 -10 
10 -1 2 3 -4 -5 -6 -7 -8 -9 -10 
10 -1 2 3 -4 -5 -6 -7 -8 -9 -10 
10 -1 -2 3 -4 -5 -6 7 -8 9 10 
8 -1 -2 3 -4 -5 7 9 -10 
7 -1 -2 3 -4 -5 7 -9 
10 -1 -2 3 -4 -5 -6 -7 -8 -9 -10 
10 -1 -2 3 -4 -5 -6 -7 -8 -9 -10 
10 -1 -2 3 -4 -5 -6 -7 -8 -9 -10 
10 -1 -2 -3 4 -5 6 7 8 9 10 
10 -1 -2 -3 4 -5 6 7 8 9 10 
10 -1 -2 -3 4 -5 6 7 8 -9 10 
10 -1 -2 -3 4 -5 6 7 8 -9 10 
10 -1 2 -3 4 -5 6 -7 8 9 10 
10 -1 2 -3 4 -5 6 -7 8 -9 10 
10 -1 -2 -3 4 -5 6 -7 8 -9 10 
10 -1 -2 -3 4 -5 6 -7 8 -9 10 
10 -1 2 -3 -4 5 6 -7 8 -9 10 
10 -1 2 -3 -4 5 6 -7 8 -9 10 
10 -1 2 -3 -4 -5 6 -7 8 -9 10 
10 -1 2 -3 -4 -5 6 -7 8 -9 10 
10 -1 -2 -3 -4 5 6 -7 8 -9 10 
10 -1 -2 -3 -4 5 6 -7 8 -9 10 
10 -1 -2 -3 -4 -5 6 -7 8 -9 10 
10 -1 -2 -3 -4 -5 6 -7 8 -9 10 
10 -1 -2 -3 4 -5 -6 7 8 9 10 
10 -1 -2 -3 4 -5 -6 7 8 9 10 
10 -1 -2 -3 4 -5 -6 7 8 -9 10 
10 -1 -2 -3 4 -5 -6 7 8 -9 10 
10 -1 2 -3 4 -5 -6 -7 8 9 10 
10 -1 2 -3 4 -5 -6 -7 8 -9 10 
10 -1 -2 -3 4 -5 -6 -7 8 -9 10 
10 -1 -2 -3 4 -5 -6 -7 8 -9 10 
10 -1 2 -3 -4 5 -6 -7 8 -9 10 
10 -1 2 -3 -4 5 -6 -7 8 -9 10 
10 -1 2 -3 -4 -5 -6 -7 8 -9 10 
10 -1 2 -3 -4 -5 -6 -7 8 -9 10 
10 -1 -2 -3 -4 5 -6 -7 8 -9 10 
10 -1 -2 -3 -4 5 -6 -7 8 -9 10 
10 -1 -2 -3 -4 -5 -6 -7 8 -9 10 
10 -1 -2 -3 -4 -5 -6 -7 8 -9 10 
10 -1 -2 -3 4 5 6 7 -8 9 10 
10 -1 -2 -3 4 5 6 -7 -8 9 10 
10 -1 -2 -3 -4 5 6 -7 -8 9 10 
10 -1 -2 -3 -4 5 6 -7 -8 9 10 
10 -1 -2 -3 -4 5 -6 7 -8 9 10 
10 -1 -2 -3 -4 5 -6 7 -8 9 10 
10 -1 -2 -3 -4 5 -6 -7 -8 9 10 
10 -1 -2 -3 -4 5 -6 -7 -8 9 10 
10 -1 2 -3 4 -5 6 -7 -8 9 10 
9 -1 -2 -3 4 -5 6 -8 9 10 
10 -1 -2 -3 4 -5 -6 -7 -8 9 10 
10 -1 -2 -3 4 -5 -6 -7 -8 9 10 
10 -1 -2 -3 -4 -5 -6 -7 -8 9 10 
10 -1 -2 -3 -4 -5 -6 -7 -8 9 10 
10 -1 -2 -3 -4 -5 -6 -7 -8 9 10 
10 -1 -2 -3 4 5 6 7 -8 -9 10 
10 -1 -2 -3 4 5 6 -7 -8 -9 10 
10 -1 -2 -3 -4 5 6 -7 -8 -9 10 
10 -1 -2 -3 -4 5 6 -7 -8 -9 10 
10 -1 -2 -3 -4 5 -6 7 -8 -9 10 
10 -1 -2 -3 -4 5 -6 7 -8 -9 10 
10 -1 -2 -3 -4 5 -6 -7 -8 -9 10 
10 -1 -2 -3 -4 5 -6 -7 -8 -9 10 
10 -1 2 -3 4 -5 6 -7 -8 -9 10 
9 -1 -2 -3 4 -5 6 -8 -9 10 
10 -1 -2 -3 4 -5 -6 -7 -8 -9 10 
10 -1 -2 -3 4 -5 -6 -7 -8 -9 10 
10 -1 -2 -3 -4 -5 -6 -7 -8 -9 10 
10 -1 -2 -3 -4 -5 -6 -7 -8 -9 10 
10 -1 -2 -3 -4 -5 -6 -7 -8 -9 10 
10 -1 -2 -3 4 5 6 7 8 9 -10 
10 -1 -2 -3 4 5 6 7 8 -9 -10 
10 -1 -2 -3 4 -5 6 7 8 -9 -10 
10 -1 -2 -3 4 -5 6 7 8 -9 -10 
10 -1 -2 -3 -4 5 6 7 8 -9 -10 
10 -1 -2 -3 -4 5 6 7 8 -9 -10 
10 -1 -2 -3 -4 -5 6 7 8 -9 -10 
10 -1 -2 -3 -4 -5 6 7 8 -9 -10 
10 -1 2 -3 -4 -5 6 -7 8 9 -10 
10 -1 2 -3 -4 -5 6 -7 8 9 -10 
10 -1 2 -3 -4 -5 6 -7 8 -9 -10 
10 -1 2 -3 -4 -5 6 -7 8 -9 -10 
10 -1 -2 -3 -4 -5 6 -7 8 -9 -10 
10 -1 -2 -3 -4 -5 6 -7 8 -9 -10 
10 -1 -2 -3 -4 -5 6 -7 8 -9 -10 
10 -1 -2 -3 4 5 6 7 -8 9 -10 
10 -1 -2 -3 4 5 6 7 -8 -9 -10 
10 -1 -2 -3 -4 5 6 7 -8 -9 -10 
10 -1 -2 -3 -4 5 6 7 -8 -9 -10 
10 -1 -2 -3 -4 5 6 -7 -8 9 -10 
10 -1 -2 -3 -4 5 6 -7 -8 9 -10 
10 -1 -2 -3 -4 5 6 -7 -8 -9 -10 
10 -1 -2 -3 -4 5 6 -7 -8 -9 -10 
10 -1 2 -3 4 -5 6 -7 -8 9 -10 
9 -1 -2 -3 4 -5 6 -8 9 -10 
10 -1 -2 -3 4 -5 6 -7 -8 -9 -10 
10 -1 -2 -3 4 -5 6 -7 -8 -9 -10 
10 -1 -2 -3 -4 -5 6 -7 -8 -9 -10 
10 -1 -2 -3 -4 -5 6 -7 -8 -9 -10 
10 -1 -2 -3 -4 -5 6 -7 -8 -9 -10 
10 -1 -2 -3 4 5 -6 7 8 9 -10 
10 -1 -2 -3 4 5 -6 7 8 -9 -10 
10 -1 -2 -3 4 -5 -6 7 8 -9 -10 
10 -1 -2 -3 4 -5 -6 7 8 -9 -10 
10 -1 -2 -3 -4 5 -6 7 8 -9 -10 
10 -1 -2 -3 -4 5 -6 7 8 -9 -10 
10 -1 -2 -3 -4 -5 -6 7 8 -9 -10 
10 -1 -2 -3 -4 -5 -6 7 8 -9 -10 
10 -1 2 -3 -4 -5 -6 -7 8 9 -10 
10 -1 2 -3 -4 -5 -6 -7 8 9 -10 
10 -1 2 -3 -4 -5 -6 -7 8 -9 -10 
10 -1 2 -3 -4 -5 -6 -7 8 -9 -10 
10 -1 -2 -3 -4 -5 -6 -7 8 -9 -10 
10 -1 -2 -3 -4 -5 -6 -7 8 -9 -10 
10 -1 -2 -3 -4 -5 -6 -7 8 -9 -10 
10 -1 -2 -3 4 5 -6 7 -8 9 -10 
10 -1 -2 -3 4 5 -6 7 -8 -9 -10 
10 -1 -2 -3 -4 5 -6 7 -8 -9 -10 
10 -1 -2 -3 -4 5 -6 7 -8 -9 -10 
10 -1 -2 -3 -4 5 -6 -7 -8 9 -10 
10 -1 -2 -3 -4 5 -6 -7 -8 9 -10 
10 -1 -2 -3 -4 5 -6 -7 -8 -9 -10 
10 -1 -2 -3 -4 5 -6 -7 -8 -9 -10 
10 -1 2 -3 4 -5 -6 -7 -8 9 -10 
9 -1 -2 -3 4 -5 -6 -8 9 -10 
10 -1 -2 -3 4 -5 -6 -7 -8 -9 -10 
10 -1 -2 -3 4 -5 -6 -7 -8 -9 -10 
10 -1 -2 -3 -4 -5 -6 -7 -8 -9 -10 
10 -1 -2 -3 -4 -5 -6 -7 -8 -9 -10 
10 -1 -2 -3 -4 -5 -6 -7 -8 -9 -10 
